2.0 -5.0 9
-3.0 -3.0 8
-0.5 -0.5 8
1.5 0.5 8
-2.0 -2.0 9
-1.0 4.5 9
4.0 -1.0 7
-2.0 -0.5 8
1.0 -3.0 8
2.5 -2.0 7
-1.5 -2.5 9
-2.0 2.0 6
-4.0 1.5 7
2.0 2.5 8
-5.0 0.5 9
-2.5 -2.0 8
2.5 4.0 9
-3.0 -1.0 8
1.0 -4.5 9
0.5 1.5 9
-2.0 1.0 6
3.0 -0.5 11
-3.5 -4.0 8
1.5 -3.5 9
-0.5 5.0 9
0.5 4.0 10
3.5 4.0 7
-3.5 2.0 7
1.0 3.0 7
2.5 5.0 8
4.0 4.0 8
-3.0 3.0 4
5.0 -2.0 8
2.5 0.5 10
1.5 -2.5 7
-4.5 -3.5 8
-1.0 -5.0 10
0.0 2.5 9
-1.5 1.5 7
-4.5 3.0 7
-2.5 -4.5 9
-0.5 -1.0 9
3.0 -4.5 9
-3.5 -2.5 8
0.5 0.5 7
5.0 -4.0 8
2.0 3.0 8
-0.5 0.0 8
4.0 -2.5 7
3.0 0.5 10
4.5 3.0 7
3.5 5.0 10
2.5 -2.5 7
-4.0 0.0 12
-4.5 -4.5 8
-4.0 2.0 7
-1.5 2.0 8
2.5 3.0 8
1.5 -4.5 8
3.5 -1.5 5
5.0 -3.5 9
2.0 -4.5 9
-2.0 3.5 6
2.5 -1.0 9
-1.5 -0.5 10
-3.0 2.5 7
0.0 -4.0 12
0.5 0.0 7
5.0 0.5 12
3.5 -4.5 8
0.0 0.0 8
-3.0 2.0 6
-5.0 -4.0 8
1.5 3.5 8
0.0 -2.5 19
-1.0 0.0 7
0.5 -1.5 6
-3.5 0.0 9
0.0 -4.5 11
-0.5 -4.0 9
1.5 -3.0 11
-0.5 4.5 8
-3.5 4.0 6
-1.5 -4.5 10
0.0 4.0 8
-3.0 -5.0 8
-0.5 -5.0 10
-4.5 -3.0 5
4.0 -1.5 6
-1.5 -2.0 8
-5.0 -4.5 8
0.5 -3.5 11
-0.5 1.0 9
-2.5 4.0 6
2.5 -5.0 9
1.5 -2.0 7
-2.0 4.5 8
1.5 1.5 9
-3.0 -3.5 8
3.0 5.0 8
5.0 2.0 7
0.5 3.5 9
2.5 -3.5 8
-2.5 -3.0 9
1.5 5.0 10
0.0 2.0 8
3.5 -1.0 5
4.0 3.0 7
2.0 5.0 9
-1.5 1.0 6
3.5 1.5 6
-4.5 2.5 6
-3.5 -1.0 10
3.0 -2.0 6
-3.5 -4.5 8
-1.0 2.5 8
-0.5 -2.5 8
-5.0 -3.0 8
-4.0 5.0 7
0.0 -3.5 11
-1.5 3.5 7
-1.0 0.5 6
-1.5 0.0 9
-3.5 3.0 6
3.0 4.0 8
-1.5 2.5 8
-3.0 0.5 5
1.0 -5.0 8
0.0 -5.0 11
3.5 -2.0 6
-1.5 0.5 7
3.0 -3.5 8
-5.0 -0.5 10
-2.5 1.5 6
-1.0 -4.0 10
-4.0 2.5 6
-4.0 -3.5 7
3.0 -1.0 7
3.5 -4.0 7
-5.0 4.0 7
1.0 3.5 6
-5.0 -5.0 8
-2.0 2.5 7
2.0 3.5 8
5.0 -4.5 8
0.5 1.0 8
2.0 -4.0 9
-5.0 -1.5 10
-2.0 -4.0 8
-3.5 1.5 7
-4.5 3.5 7
-2.5 1.0 7
1.0 -1.0 9
-5.0 0.0 11
4.5 -1.5 7
-3.5 -3.0 5
4.5 1.0 8
4.0 3.5 7
-4.0 0.5 8
-1.0 -1.0 7
0.5 -4.5 10
-1.5 4.0 8
5.0 -3.0 9
2.5 -1.5 6
1.0 -0.5 7
1.5 4.0 7
-1.5 3.0 7
5.0 5.0 7
0.5 -5.0 10
2.5 -4.0 8
2.0 -0.5 11
5.0 1.5 8
1.5 4.5 9
5.0 -5.0 8
-1.0 4.0 9
4.0 4.5 8
4.0 0.0 8
-4.0 -3.0 6
-3.0 1.0 6
4.0 5.0 9
4.5 4.5 8
4.5 4.0 8
1.0 1.5 8
0.0 1.0 9
-4.5 5.0 7
-2.0 0.5 8
-0.5 -2.0 9
3.0 4.5 8
3.5 2.5 7
0.0 0.5 9
-1.5 5.0 8
4.0 -3.5 7
-2.5 5.0 7
1.5 -1.5 7
4.5 -1.0 7
-2.5 2.0 6
1.0 2.0 8
0.0 1.5 12
-2.0 -3.0 9
-4.0 -2.5 7
0.5 4.5 12
4.0 1.5 7
3.0 0.0 16
1.5 2.0 6
1.5 -0.5 11
0.5 -2.5 10
-3.5 -2.0 7
-2.5 4.5 8
4.5 -2.0 7
0.0 3.5 11
-2.5 -2.5 9
4.5 5.0 9
3.5 0.0 9
-2.0 -2.5 9
-2.0 0.0 9
0.0 -0.5 7
-4.0 -4.5 8
-3.0 1.5 7
-5.0 3.0 7
1.0 -3.5 8
0.5 2.5 10
-2.0 -1.0 9
3.5 2.0 6
-1.5 -5.0 9
-3.5 -3.5 6
2.0 -3.0 9
2.5 1.5 6
-4.0 1.0 7
-1.5 4.5 8
2.0 1.0 8
0.0 -1.0 9
0.5 5.0 11
0.5 -0.5 14
5.0 1.0 10
1.5 -5.0 8
5.0 -2.5 7
-4.5 4.0 7
5.0 -1.5 7
-1.0 1.0 7
-4.0 3.0 7
1.0 1.0 8
-4.0 -4.0 8
-0.5 1.5 10
-1.0 5.0 9
0.0 3.0 9
1.0 0.0 10
1.5 0.0 9
-4.5 2.0 8
3.0 2.0 1
-2.5 -1.0 9
2.0 0.5 9
-3.5 3.5 6
5.0 -1.0 8
3.0 -4.0 7
0.0 -1.5 7
3.5 1.0 7
2.0 0.0 12
-3.5 -0.5 8
1.5 -4.0 7
-2.0 -5.0 9
3.5 -5.0 8
-1.0 -2.0 9
-0.5 -3.0 10
-1.5 -3.0 9
-3.0 -4.5 7
-3.5 2.5 6
-4.0 -1.5 9
3.0 3.5 9
2.0 4.0 9
5.0 3.5 9
-3.0 5.0 7
-2.5 3.5 6
4.5 0.5 11
3.5 -2.5 7
-2.5 3.0 5
-3.5 0.5 7
5.0 0.0 12
1.0 4.5 9
-2.0 1.5 7
-5.0 -3.5 9
0.5 -4.0 9
-3.5 1.0 7
-4.5 1.0 9
-3.0 -2.0 9
0.0 -2.0 8
4.5 -2.5 8
4.5 0.0 10
5.0 4.0 9
-3.0 -0.5 8
-1.0 -0.5 9
-5.0 -1.0 10
3.0 1.5 5
1.0 4.0 9
-0.5 2.5 7
3.5 0.5 8
-0.5 4.0 9
-1.0 -3.5 10
2.5 1.0 7
-4.0 4.0 7
3.5 3.5 8
-1.0 -4.5 10
4.5 -4.0 8
0.5 -3.0 8
-3.0 -4.0 8
3.0 -1.5 7
-4.0 -2.0 8
1.0 -2.5 8
-0.5 -1.5 8
-2.0 3.0 6
0.5 -1.0 8
2.5 -3.0 9
0.0 -3.0 11
5.0 2.5 7
4.5 -0.5 8
1.0 -2.0 7
4.0 -0.5 11
4.5 -3.0 8
-5.0 2.5 8
0.0 4.5 11
2.0 1.5 6
-1.5 -3.5 10
3.0 -3.0 5
3.5 -0.5 8
-4.5 -5.0 8
-5.0 -2.0 8
0.0 5.0 11
3.5 -3.0 7
-4.0 3.5 7
1.5 -1.0 9
3.5 3.0 7
1.0 5.0 8
-2.5 -1.5 8
0.5 3.0 8
-3.0 4.0 7
1.0 0.5 6
-4.5 -2.0 9
2.5 2.0 6
2.5 4.5 7
4.0 -2.0 7
4.0 2.5 6
-3.0 -1.5 9
2.5 0.0 8
1.0 -1.5 7
-2.5 -5.0 8
3.5 -3.5 7
-4.5 -0.5 9
0.5 -2.0 8
-2.5 0.5 8
-4.5 0.0 13
-3.5 4.5 7
-1.0 2.0 8
-1.0 -2.5 7
3.5 4.5 8
4.0 -3.0 7
-0.5 -4.5 10
1.5 1.0 7
0.5 2.0 8
1.5 3.0 7
4.0 2.0 6
3.0 2.5 7
-4.5 -1.0 10
-2.0 -1.5 8
-4.5 4.5 7
-3.0 3.5 6
-4.0 4.5 7
-4.5 0.5 9
-4.5 -2.5 9
-4.0 -1.0 9
4.5 -3.5 8
1.0 -4.0 8
-1.5 -1.5 9
-0.5 2.0 9
2.5 -4.5 7
-2.5 2.5 7
-2.5 -0.5 9
2.0 -1.0 8
-5.0 -2.5 8
-2.0 5.0 8
-2.5 -4.0 9
-4.5 -4.0 8
3.0 -2.5 7
3.0 -5.0 9
-1.0 3.0 6
-5.0 1.5 7
3.0 1.0 6
-3.0 0.0 9
-1.0 1.5 7
-2.0 -3.5 9
2.0 -2.0 6
-5.0 1.0 8
-4.0 -0.5 10
4.5 3.5 7
2.0 -3.5 7
4.5 -5.0 8
-3.5 -5.0 8
2.5 -0.5 11
4.0 -4.5 7
2.5 3.5 8
-0.5 3.0 7
-1.5 -4.0 8
5.0 4.5 9
-0.5 -3.5 11
-2.0 -4.5 8
5.0 -0.5 10
-0.5 3.5 7
2.5 2.5 5
5.0 3.0 7
4.5 2.5 6
-5.0 5.0 7
-1.5 -1.0 9
4.0 1.0 8
-1.0 -1.5 8
2.0 -1.5 6
-4.5 1.5 9
3.0 3.0 7
2.0 2.0 7
-5.0 4.5 7
1.5 2.5 7
4.5 -4.5 8
-3.0 4.5 7
-2.0 4.0 7
-1.0 -3.0 10
-3.5 5.0 7
-3.0 -2.5 8
4.0 0.5 9
4.5 2.0 7
4.0 -5.0 8
2.0 -2.5 8
-4.0 -5.0 9
-2.5 0.0 8
-0.5 0.5 9
-3.5 -1.5 7
4.5 1.5 7
4.0 -4.0 7
-4.5 -1.5 9
-2.5 -3.5 7
-5.0 3.5 6
-1.0 3.5 7
-5.0 2.0 8
2.0 4.5 8
1.0 2.5 9
