3.5 4.5 20
-2.5 -4.0 26
1.5 2.5 20
-1.0 -3.0 14
0.5 1.5 6
-4.5 -3.0 20
-1.5 1.0 28
-3.0 -3.0 27
-4.0 -1.5 10
1.5 -2.0 25
0.5 -2.0 13
2.0 -0.5 24
-4.0 -4.5 9
1.5 0.5 23
-2.5 3.5 32
-5.0 1.0 19
4.0 4.5 41
0.5 0.0 15
4.5 -0.5 28
2.0 3.5 17
4.0 5.0 39
4.5 3.0 35
3.5 -0.5 34
5.0 -3.5 17
0.5 4.5 23
4.5 -4.5 20
-2.0 -2.5 15
4.5 0.0 28
2.0 1.5 13
3.0 -2.5 21
-3.5 3.5 21
2.0 -1.5 21
1.0 -4.0 24
-4.5 -4.5 17
-3.5 0.5 12
-5.0 -2.5 20
1.5 -4.5 11
2.0 0.0 30
5.0 4.0 25
2.0 2.5 21
-5.0 3.5 20
-3.0 4.5 36
-1.0 1.0 30
-3.5 -4.5 38
-2.5 -3.0 20
2.5 -4.0 19
2.5 -1.0 19
-0.5 3.0 30
-3.5 -4.0 24
-4.5 3.0 16
3.5 2.5 37
4.5 4.0 34
-4.5 -3.5 11
2.5 2.5 20
-0.5 -1.0 16
-5.0 3.0 13
4.5 0.5 33
-0.5 -3.0 20
-3.0 2.0 32
-5.0 -3.5 16
2.0 -1.0 25
3.5 5.0 25
-4.5 4.5 12
-1.5 5.0 38
-1.5 -3.0 22
4.0 -0.5 30
-2.5 -3.5 27
1.0 0.5 12
0.0 3.0 27
1.0 -5.0 13
0.5 -3.5 40
-4.0 3.5 20
-3.5 1.5 22
-4.0 1.0 11
5.0 0.5 29
-4.5 5.0 18
-2.0 -3.0 22
1.5 5.0 26
1.0 4.0 24
-3.5 2.0 22
-1.5 4.5 37
3.5 -1.5 35
4.0 -1.0 27
-1.5 2.5 38
4.0 -4.0 34
1.0 -4.5 13
-2.0 -0.5 18
2.5 1.5 11
3.0 -5.0 37
4.5 1.5 27
-1.5 0.0 23
4.5 -1.0 28
0.0 -3.0 20
0.0 -1.0 22
-3.5 4.5 34
-3.0 0.0 22
-4.5 1.0 14
-3.5 -2.0 30
1.5 -3.5 23
5.0 5.0 19
2.0 2.0 17
-4.5 4.0 16
-1.5 -3.5 22
-4.5 2.5 15
1.5 -1.5 17
-1.0 -4.5 24
2.5 -0.5 24
5.0 4.5 17
-2.0 -3.5 33
4.0 2.5 35
-4.0 0.5 17
4.5 2.5 34
0.5 3.5 19
3.5 -4.0 35
-1.0 -2.5 19
-4.5 -2.0 12
3.0 4.5 23
-2.0 2.0 34
-1.5 3.5 36
-0.5 4.5 34
-1.0 3.0 33
-2.0 -4.5 27
2.0 5.0 30
-5.0 -5.0 18
-3.0 -2.5 28
2.0 -3.5 13
0.5 3.0 15
5.0 -2.5 17
-2.5 1.0 26
2.5 -1.5 20
3.5 -3.5 41
3.0 0.0 24
3.5 -2.0 41
3.0 -2.0 16
5.0 -4.5 21
3.0 -4.0 15
1.5 -4.0 26
-5.0 -4.0 22
-2.0 4.5 35
-3.0 1.5 11
-1.5 -2.0 19
1.5 3.5 19
4.5 -2.5 27
-1.5 1.5 31
-3.0 1.0 17
-3.0 5.0 36
-1.0 -4.0 34
-5.0 0.0 22
-3.5 5.0 35
4.5 5.0 40
-1.0 4.5 41
-2.0 -4.0 26
-1.0 4.0 40
-2.5 -2.5 22
-3.5 -3.5 28
4.5 -5.0 19
5.0 0.0 25
-4.5 -1.5 15
1.5 0.0 19
-2.5 4.5 37
-4.5 0.0 19
-4.0 -2.0 13
1.5 1.0 9
-0.5 4.0 33
-2.0 2.5 31
-3.0 -4.0 31
4.5 -3.5 29
-4.0 2.0 15
1.0 -1.0 20
-4.0 -0.5 12
2.5 4.0 18
-3.0 -0.5 20
-2.5 -2.0 26
-4.0 -1.0 14
0.0 1.0 22
2.0 -2.5 23
3.0 -4.5 25
1.5 1.5 13
-3.0 2.5 21
-1.0 -1.0 18
0.0 0.0 18
-1.5 0.5 18
-2.5 0.0 19
-5.0 -4.5 27
3.5 1.0 35
4.5 -1.5 17
0.5 -2.5 19
-0.5 1.5 29
-1.5 -4.5 38
2.5 1.0 12
-3.0 -4.5 28
-3.0 -1.5 19
-3.0 3.0 34
2.5 2.0 15
-3.5 -1.5 17
-4.0 2.5 24
1.5 3.0 19
-2.0 -1.5 23
-2.0 -5.0 21
-2.5 2.5 32
-1.0 1.5 32
-1.0 -5.0 22
2.0 -3.0 21
-3.0 3.5 31
1.0 1.5 15
4.5 -4.0 22
-3.0 -2.0 19
-3.0 -5.0 25
2.0 -4.0 18
-2.5 -1.0 19
-1.0 -0.5 19
3.5 0.5 34
5.0 3.5 32
-2.5 5.0 34
1.0 -3.0 29
2.0 4.5 24
-5.0 5.0 24
0.5 4.0 24
3.0 -0.5 25
0.0 0.5 22
-1.0 5.0 26
-4.0 1.5 11
3.0 -3.0 20
5.0 1.5 25
1.5 -1.0 25
-3.0 4.0 28
2.0 -5.0 21
4.0 -2.0 30
3.5 -1.0 30
4.5 2.0 27
1.5 -3.0 27
-2.0 1.5 29
2.5 3.5 20
-4.5 -0.5 15
0.0 -4.0 18
-5.0 -2.0 17
4.0 4.0 39
5.0 -3.0 20
-2.0 4.0 31
0.0 -2.5 19
-2.0 1.0 20
0.5 -5.0 14
1.5 -5.0 20
-4.5 -5.0 11
-1.5 3.0 32
-1.0 0.0 22
5.0 2.0 29
-2.5 4.0 36
3.0 1.0 30
4.0 -2.5 25
-2.5 2.0 28
-0.5 0.5 26
-5.0 4.5 23
2.5 0.5 32
-2.0 -2.0 17
-0.5 5.0 37
-2.5 -5.0 26
-1.5 -1.0 14
0.5 2.5 21
3.5 1.5 42
-3.0 -3.5 29
-0.5 -3.5 22
-0.5 2.5 36
2.5 -3.5 19
3.0 -3.5 28
-4.0 3.0 19
-2.5 -0.5 22
-5.0 -3.0 21
4.0 -4.5 25
-4.5 -2.5 16
1.0 -1.5 27
3.0 3.0 20
-2.0 5.0 37
0.0 -4.5 24
-5.0 1.5 23
-1.0 2.0 33
1.0 3.5 25
-1.0 0.5 33
3.5 -4.5 19
-0.5 3.5 35
-0.5 2.0 26
4.0 0.0 29
2.5 0.0 26
3.0 3.5 20
-4.5 -1.0 17
-1.5 -4.0 26
3.0 -1.0 23
2.5 -2.0 19
4.0 -1.5 30
-0.5 0.0 23
0.5 -1.0 19
0.0 -1.5 23
4.5 -3.0 26
1.0 -0.5 21
0.5 -3.0 27
-4.5 2.0 16
1.0 3.0 20
2.5 5.0 27
0.5 -1.5 22
-3.5 3.0 30
0.0 -0.5 24
5.0 -1.5 21
-0.5 -0.5 17
-3.5 0.0 13
-2.5 0.5 16
1.5 -2.5 22
5.0 -2.0 17
0.5 1.0 13
3.0 1.5 27
5.0 -0.5 27
-4.0 0.0 13
2.5 -2.5 21
-3.5 -5.0 26
0.0 4.5 20
-3.5 -2.5 47
4.0 3.0 32
4.5 1.0 28
-0.5 -4.0 24
-1.5 -0.5 14
-1.0 2.5 32
0.0 -5.0 20
4.5 -2.0 26
0.0 2.5 21
-4.0 4.5 25
5.0 3.0 26
-0.5 -5.0 32
0.5 -4.5 18
3.0 5.0 21
3.0 2.5 37
-3.5 1.0 15
4.0 1.5 21
-2.0 -1.0 16
-0.5 -1.5 31
-3.5 2.5 21
-3.0 -1.0 20
5.0 1.0 29
-1.5 -2.5 16
2.5 4.5 24
-1.0 -2.0 17
1.5 4.5 23
-1.0 -3.5 18
-2.5 3.0 31
-5.0 0.5 21
-3.5 -0.5 10
2.5 -5.0 26
-1.0 -1.5 17
4.0 1.0 27
-1.5 4.0 40
-0.5 -4.5 25
4.5 3.5 40
-1.5 -5.0 16
3.5 3.5 41
-2.0 0.5 25
4.0 0.5 27
-4.0 -3.5 13
0.0 2.0 19
-4.0 -2.5 13
2.0 4.0 21
-2.5 -1.5 21
3.0 -1.5 22
0.5 -4.0 39
-0.5 -2.5 20
2.0 3.0 17
3.5 4.0 23
0.0 1.5 18
1.5 4.0 21
-4.5 3.5 19
3.5 -2.5 45
0.0 -2.0 19
0.5 -0.5 25
3.5 3.0 36
-4.0 -5.0 12
2.0 0.5 19
-0.5 -2.0 31
-1.5 -1.5 18
3.5 0.0 31
1.0 4.5 23
-4.5 0.5 10
-3.5 -3.0 37
-3.5 4.0 34
-1.0 3.5 32
1.5 2.0 16
3.5 -5.0 17
-4.0 5.0 27
0.0 5.0 23
-5.0 2.0 19
-3.0 0.5 15
1.0 -3.5 27
-3.5 -1.0 16
1.5 -0.5 30
-4.5 1.5 14
1.0 -2.5 26
1.0 2.0 17
-5.0 -1.5 18
-2.0 0.0 13
0.5 2.0 14
-0.5 1.0 35
0.5 0.5 17
5.0 -1.0 23
3.5 -3.0 49
4.0 2.0 36
5.0 -5.0 20
2.0 -2.0 22
-1.5 2.0 29
-2.0 3.0 23
2.5 -3.0 19
2.0 -4.5 25
3.5 2.0 38
-5.0 4.0 20
-5.0 2.5 21
-5.0 -0.5 21
-5.0 -1.0 22
-4.0 -3.0 15
4.0 3.5 34
1.0 0.0 28
5.0 -4.0 18
-4.0 4.0 25
-2.5 1.5 27
2.5 3.0 19
5.0 2.5 24
0.5 5.0 19
4.0 -3.5 19
0.0 3.5 20
-2.5 -4.5 25
0.0 -3.5 19
1.0 1.0 0
4.0 -3.0 28
1.0 5.0 24
4.5 4.5 36
3.0 2.0 14
-2.0 3.5 32
3.0 0.5 22
1.0 2.5 19
2.0 1.0 15
-4.5 -4.0 19
2.5 -4.5 19
4.0 -5.0 30
-4.0 -4.0 12
3.0 4.0 20
1.0 -2.0 23
0.0 4.0 20
