-4.0 -0.5 73
1.5 3.0 22
-2.0 3.0 39
2.0 -3.5 43
-1.0 4.0 41
-1.5 3.0 41
0.0 3.5 31
-4.5 -0.5 73
0.5 4.0 26
-2.5 3.0 37
-4.0 4.5 61
1.0 0.5 17
-2.5 2.0 41
0.0 5.0 27
4.5 2.0 52
2.5 -1.5 51
4.5 4.0 52
-4.0 1.5 64
-5.0 3.0 68
0.0 2.5 19
2.0 -1.0 38
5.0 -4.0 61
0.0 4.0 25
-3.5 0.0 56
4.0 1.5 50
-0.5 0.5 26
-4.5 -1.0 73
0.0 -0.5 24
3.5 -2.0 57
-1.0 1.0 31
1.5 2.5 17
1.0 -3.0 16
-5.0 3.5 66
-0.5 4.0 46
4.0 1.0 48
4.5 -3.0 61
-2.0 -5.0 52
-1.5 1.5 34
3.5 5.0 47
-1.0 -2.5 38
5.0 -0.5 65
1.5 -2.0 41
3.0 1.5 43
-2.5 -3.0 57
0.5 2.5 25
-2.5 5.0 42
4.5 1.5 53
2.0 -3.0 41
-1.0 -4.0 33
-2.5 -4.5 59
-4.0 1.0 61
0.0 -4.0 29
4.5 0.5 68
-0.5 -3.5 27
2.0 2.0 30
-0.5 1.5 35
3.0 1.0 43
2.0 -2.5 39
1.5 1.0 28
-0.5 -4.5 26
1.0 -3.5 18
2.5 -5.0 46
-1.5 1.0 27
4.0 3.0 50
0.0 -5.0 28
-3.0 -5.0 58
3.5 4.5 44
-3.0 -2.5 65
-2.0 3.5 38
-5.0 4.0 69
-4.5 2.5 66
-4.5 -4.0 70
4.5 -1.0 61
1.5 -2.5 34
-2.0 -1.5 60
-4.5 4.5 64
2.0 -4.5 33
-3.5 -2.5 69
2.0 3.5 22
-5.0 -4.0 73
2.5 5.0 27
0.0 3.0 22
-4.0 0.0 76
2.5 -1.0 41
2.5 2.5 23
4.5 2.5 52
5.0 2.0 72
-1.0 1.5 35
1.5 4.0 26
-1.0 -3.5 35
-3.5 -4.5 65
-1.5 2.0 37
2.5 -4.0 45
-4.0 0.5 63
-3.5 4.0 64
-2.0 0.5 36
-4.5 -3.0 70
-0.5 -2.5 32
2.5 1.5 41
0.5 0.0 18
2.5 -3.5 42
-4.5 2.0 65
-4.0 3.5 61
5.0 -1.5 65
5.0 0.0 68
3.0 4.5 26
-3.0 -4.5 59
4.0 -5.0 56
4.5 -1.5 64
1.5 1.5 16
-4.0 -5.0 67
-2.5 -4.0 58
5.0 2.5 75
-3.0 -1.5 67
1.5 -4.5 21
-0.5 -4.0 26
-4.5 -1.5 78
0.0 -2.0 28
-1.5 -0.5 34
-0.5 -3.0 29
1.0 4.0 26
3.5 -4.5 51
-1.0 3.0 42
0.5 3.0 23
-4.5 -2.5 76
-5.0 2.5 84
2.0 1.5 23
1.0 5.0 35
1.5 0.0 21
0.0 -4.5 29
3.5 -1.5 58
-3.0 0.5 58
-4.5 0.5 79
4.5 3.0 50
-1.5 2.5 36
0.0 -2.5 28
-1.0 -1.5 33
0.5 2.0 16
-2.5 -1.5 63
-4.5 -5.0 71
2.0 3.0 22
-2.5 1.5 58
-3.5 -5.0 65
3.5 1.0 47
-2.5 -3.5 56
-3.0 3.5 45
-2.0 -2.5 56
-4.5 3.0 65
-3.5 4.5 58
-1.5 4.5 47
5.0 -3.5 64
3.5 -5.0 52
0.0 0.5 22
-4.0 3.0 61
-0.5 -1.5 30
2.5 -4.5 43
-5.0 -2.0 74
2.0 -4.0 41
-2.0 -0.5 50
4.0 -2.0 63
4.0 0.0 67
-0.5 1.0 33
4.5 -2.5 65
-3.5 -3.0 68
-2.5 -1.0 56
5.0 3.5 55
-1.0 4.5 42
2.0 5.0 29
1.5 -4.0 24
0.5 -5.0 25
-1.0 -4.5 31
-2.5 0.5 52
4.5 -4.0 59
0.5 -3.5 23
2.5 0.0 41
-4.0 -4.5 68
-1.5 -1.5 53
3.5 0.5 46
-2.0 -4.0 53
-3.0 -2.0 67
5.0 3.0 56
2.0 0.0 41
3.5 -3.0 56
-4.5 -4.5 69
2.0 -1.5 46
4.0 -1.0 59
3.0 -3.5 51
5.0 1.5 71
-3.0 1.5 60
-2.5 -2.5 61
3.5 3.0 45
-0.5 -1.0 28
2.5 -2.0 50
1.5 -1.5 41
-2.5 -5.0 57
-4.5 -3.5 67
2.5 4.0 27
3.0 0.5 44
4.0 4.0 47
3.0 -2.0 56
-5.0 -3.5 73
-4.5 4.0 65
-1.0 3.5 34
4.5 -5.0 58
-4.0 5.0 64
-2.5 0.0 53
-5.0 4.5 68
-3.5 1.5 59
-0.5 -2.0 31
-1.5 -2.5 56
-1.5 5.0 44
1.0 1.0 0
3.0 0.0 42
-0.5 2.0 30
-1.0 -0.5 31
-2.0 2.5 39
4.5 -0.5 63
-5.0 -0.5 74
-1.0 -3.0 35
1.0 -2.5 14
-1.0 -2.0 51
-2.0 0.0 56
-5.0 -5.0 74
0.0 -3.0 29
2.5 -3.0 45
-5.0 5.0 69
5.0 4.5 55
-1.5 -3.0 51
-1.0 0.0 25
-1.5 -4.0 41
-3.0 5.0 39
-4.5 3.5 66
2.0 4.0 22
-1.0 -5.0 30
1.0 -1.0 22
1.0 2.5 18
1.5 -0.5 18
4.0 -3.0 61
-5.0 -1.0 77
-2.0 4.0 42
0.0 1.0 21
-1.5 -5.0 40
4.0 -1.5 59
4.5 -2.0 67
4.0 3.5 50
-3.0 -3.0 65
-2.0 -3.5 57
4.5 5.0 53
4.0 5.0 51
2.0 -0.5 33
1.5 4.5 34
-4.0 -1.0 74
-1.5 -2.0 52
-2.0 -4.5 48
0.0 0.0 19
-3.5 1.0 58
1.0 -1.5 20
-1.0 0.5 31
0.5 -0.5 28
-4.0 -3.0 73
-0.5 5.0 46
-3.0 0.0 57
-3.5 -3.5 72
-3.5 3.0 59
-2.0 2.0 35
0.5 3.5 26
3.0 -5.0 45
5.0 -4.5 64
3.5 -4.0 57
4.0 2.5 48
3.5 4.0 50
-4.5 5.0 64
0.5 5.0 33
4.0 -4.5 53
0.5 -2.5 25
3.0 -1.0 43
-1.5 -3.5 46
2.0 0.5 19
-2.0 -3.0 51
2.0 4.5 26
-2.0 1.0 34
1.0 4.5 26
0.0 -3.5 29
1.5 -5.0 20
-2.5 3.5 37
3.0 -2.5 54
3.0 -4.5 48
3.0 -0.5 42
5.0 0.5 64
1.0 -2.0 28
-2.5 -0.5 50
-3.5 -0.5 59
3.0 -4.0 53
1.0 3.0 24
-1.5 4.0 44
1.5 0.5 28
1.5 5.0 28
3.5 -3.5 62
0.5 -4.0 23
-2.0 5.0 42
5.0 -3.0 64
-4.0 -2.5 73
0.5 -2.0 21
-3.5 3.5 58
-1.5 0.5 30
-2.0 -2.0 56
1.5 3.5 24
4.5 1.0 69
0.5 -4.5 25
-0.5 -5.0 25
-4.5 1.0 81
4.5 0.0 66
-0.5 0.0 27
-3.5 -2.0 72
-5.0 -4.5 76
-1.0 2.5 41
-0.5 4.5 43
-3.0 2.5 62
2.0 2.5 21
0.5 1.5 17
-0.5 3.0 41
3.0 -3.0 54
-2.0 -1.0 48
-3.0 3.0 56
-3.0 4.5 43
1.0 -4.0 18
-5.0 2.0 85
4.0 -2.5 62
-5.0 -1.5 75
-5.0 1.5 80
1.0 3.5 19
3.0 5.0 23
-4.0 -1.5 68
-2.0 4.5 43
3.5 -0.5 47
-4.0 -4.0 66
1.0 -5.0 18
-5.0 0.5 79
0.0 4.5 30
3.5 -2.5 57
0.0 -1.5 24
4.0 4.5 51
1.0 -0.5 28
-0.5 -0.5 22
-3.0 2.0 57
-4.0 2.0 62
5.0 -2.5 66
4.5 4.5 50
-1.5 3.5 42
3.0 3.0 43
2.5 3.5 23
-2.5 -2.0 64
3.5 1.5 47
-3.5 2.0 59
1.5 2.0 17
-4.5 -2.0 78
-2.5 1.0 55
-3.0 1.0 59
-3.0 -4.0 68
5.0 -2.0 62
-4.0 2.5 61
2.5 -2.5 46
3.5 2.5 48
3.0 4.0 27
3.0 2.0 42
-1.5 -4.5 41
2.5 3.0 14
2.5 2.0 22
-1.5 0.0 29
-2.5 2.5 38
-4.0 4.0 63
1.5 -1.0 32
0.5 -1.5 27
4.5 3.5 52
4.0 -3.5 61
-3.5 -1.5 67
0.5 4.5 29
2.0 1.0 16
-5.0 -3.0 76
-1.0 -1.0 31
-0.5 2.5 39
4.0 -0.5 66
-3.5 2.5 59
4.0 -4.0 56
-3.0 -0.5 56
3.5 2.0 43
0.5 -3.0 23
-1.5 -1.0 49
5.0 -1.0 65
1.0 -4.5 19
-5.0 1.0 76
2.5 -0.5 38
1.0 2.0 22
1.0 0.0 32
0.5 1.0 15
-3.5 -4.0 72
-1.0 5.0 50
0.5 -1.0 28
3.5 0.0 49
-5.0 -2.5 74
3.0 2.5 46
-3.5 5.0 57
-5.0 0.0 81
5.0 4.0 57
2.5 1.0 40
-3.0 -1.0 56
1.0 1.5 18
3.0 -1.5 54
2.0 -5.0 36
-3.0 -3.5 64
2.0 -2.0 43
3.0 3.5 30
5.0 5.0 54
4.0 2.0 48
5.0 1.0 69
-3.0 4.0 44
2.5 4.5 27
4.5 -4.5 60
-4.5 1.5 66
3.5 -1.0 65
-2.0 1.5 33
-4.5 0.0 73
-4.0 -2.0 73
-2.5 4.0 40
4.0 0.5 51
-3.5 -1.0 70
-2.5 4.5 42
1.5 -3.0 33
-0.5 3.5 44
3.5 3.5 46
5.0 -5.0 62
2.5 0.5 41
0.0 1.5 19
-4.0 -3.5 72
-1.0 2.0 36
0.0 -1.0 23
0.5 0.5 17
0.0 2.0 23
4.5 -3.5 58
-3.5 0.5 59
1.5 -3.5 26
