-5.0 -5.0 74
-5.0 -4.5 76
-5.0 -4.0 73
-5.0 -3.5 73
-5.0 -3.0 76
-5.0 -2.5 74
-5.0 -2.0 74
-5.0 -1.5 75
-5.0 -1.0 77
-5.0 -0.5 74
-5.0 0.0 81
-5.0 0.5 79
-5.0 1.0 76
-5.0 1.5 80
-5.0 2.0 85
-5.0 2.5 84
-5.0 3.0 68
-5.0 3.5 66
-5.0 4.0 69
-5.0 4.5 68
-5.0 5.0 69
-4.5 -5.0 71
-4.5 -4.5 69
-4.5 -4.0 70
-4.5 -3.5 67
-4.5 -3.0 70
-4.5 -2.5 76
-4.5 -2.0 78
-4.5 -1.5 78
-4.5 -1.0 73
-4.5 -0.5 73
-4.5 0.0 73
-4.5 0.5 79
-4.5 1.0 81
-4.5 1.5 66
-4.5 2.0 65
-4.5 2.5 66
-4.5 3.0 65
-4.5 3.5 66
-4.5 4.0 65
-4.5 4.5 64
-4.5 5.0 64
-4.0 -5.0 67
-4.0 -4.5 68
-4.0 -4.0 66
-4.0 -3.5 72
-4.0 -3.0 73
-4.0 -2.5 73
-4.0 -2.0 73
-4.0 -1.5 68
-4.0 -1.0 74
-4.0 -0.5 73
-4.0 0.0 76
-4.0 0.5 63
-4.0 1.0 61
-4.0 1.5 64
-4.0 2.0 62
-4.0 2.5 61
-4.0 3.0 61
-4.0 3.5 61
-4.0 4.0 63
-4.0 4.5 61
-4.0 5.0 64
-3.5 -5.0 65
-3.5 -4.5 65
-3.5 -4.0 72
-3.5 -3.5 72
-3.5 -3.0 68
-3.5 -2.5 69
-3.5 -2.0 72
-3.5 -1.5 67
-3.5 -1.0 70
-3.5 -0.5 59
-3.5 0.0 56
-3.5 0.5 59
-3.5 1.0 58
-3.5 1.5 59
-3.5 2.0 59
-3.5 2.5 59
-3.5 3.0 59
-3.5 3.5 58
-3.5 4.0 64
-3.5 4.5 58
-3.5 5.0 57
-3.0 -5.0 58
-3.0 -4.5 59
-3.0 -4.0 68
-3.0 -3.5 64
-3.0 -3.0 65
-3.0 -2.5 65
-3.0 -2.0 67
-3.0 -1.5 67
-3.0 -1.0 56
-3.0 -0.5 56
-3.0 0.0 57
-3.0 0.5 58
-3.0 1.0 59
-3.0 1.5 60
-3.0 2.0 57
-3.0 2.5 62
-3.0 3.0 56
-3.0 3.5 45
-3.0 4.0 44
-3.0 4.5 43
-3.0 5.0 39
-2.5 -5.0 57
-2.5 -4.5 59
-2.5 -4.0 58
-2.5 -3.5 56
-2.5 -3.0 57
-2.5 -2.5 61
-2.5 -2.0 64
-2.5 -1.5 63
-2.5 -1.0 56
-2.5 -0.5 50
-2.5 0.0 53
-2.5 0.5 52
-2.5 1.0 55
-2.5 1.5 58
-2.5 2.0 41
-2.5 2.5 38
-2.5 3.0 37
-2.5 3.5 37
-2.5 4.0 40
-2.5 4.5 42
-2.5 5.0 42
-2.0 -5.0 52
-2.0 -4.5 48
-2.0 -4.0 53
-2.0 -3.5 57
-2.0 -3.0 51
-2.0 -2.5 56
-2.0 -2.0 56
-2.0 -1.5 60
-2.0 -1.0 48
-2.0 -0.5 50
-2.0 0.0 56
-2.0 0.5 36
-2.0 1.0 34
-2.0 1.5 33
-2.0 2.0 35
-2.0 2.5 39
-2.0 3.0 39
-2.0 3.5 38
-2.0 4.0 42
-2.0 4.5 43
-2.0 5.0 42
-1.5 -5.0 40
-1.5 -4.5 41
-1.5 -4.0 41
-1.5 -3.5 46
-1.5 -3.0 51
-1.5 -2.5 56
-1.5 -2.0 52
-1.5 -1.5 53
-1.5 -1.0 49
-1.5 -0.5 34
-1.5 0.0 29
-1.5 0.5 30
-1.5 1.0 27
-1.5 1.5 34
-1.5 2.0 37
-1.5 2.5 36
-1.5 3.0 41
-1.5 3.5 42
-1.5 4.0 44
-1.5 4.5 47
-1.5 5.0 44
-1.0 -5.0 30
-1.0 -4.5 31
-1.0 -4.0 33
-1.0 -3.5 35
-1.0 -3.0 35
-1.0 -2.5 38
-1.0 -2.0 51
-1.0 -1.5 33
-1.0 -1.0 31
-1.0 -0.5 31
-1.0 0.0 25
-1.0 0.5 31
-1.0 1.0 31
-1.0 1.5 35
-1.0 2.0 36
-1.0 2.5 41
-1.0 3.0 42
-1.0 3.5 34
-1.0 4.0 41
-1.0 4.5 42
-1.0 5.0 50
-0.5 -5.0 25
-0.5 -4.5 26
-0.5 -4.0 26
-0.5 -3.5 27
-0.5 -3.0 29
-0.5 -2.5 32
-0.5 -2.0 31
-0.5 -1.5 30
-0.5 -1.0 28
-0.5 -0.5 22
-0.5 0.0 27
-0.5 0.5 26
-0.5 1.0 33
-0.5 1.5 35
-0.5 2.0 30
-0.5 2.5 39
-0.5 3.0 41
-0.5 3.5 44
-0.5 4.0 46
-0.5 4.5 43
-0.5 5.0 46
0.0 -5.0 28
0.0 -4.5 29
0.0 -4.0 29
0.0 -3.5 29
0.0 -3.0 29
0.0 -2.5 28
0.0 -2.0 28
0.0 -1.5 24
0.0 -1.0 23
0.0 -0.5 24
0.0 0.0 19
0.0 0.5 22
0.0 1.0 21
0.0 1.5 19
0.0 2.0 23
0.0 2.5 19
0.0 3.0 22
0.0 3.5 31
0.0 4.0 25
0.0 4.5 30
0.0 5.0 27
0.5 -5.0 25
0.5 -4.5 25
0.5 -4.0 23
0.5 -3.5 23
0.5 -3.0 23
0.5 -2.5 25
0.5 -2.0 21
0.5 -1.5 27
0.5 -1.0 28
0.5 -0.5 28
0.5 0.0 18
0.5 0.5 17
0.5 1.0 15
0.5 1.5 17
0.5 2.0 16
0.5 2.5 25
0.5 3.0 23
0.5 3.5 26
0.5 4.0 26
0.5 4.5 29
0.5 5.0 33
1.0 -5.0 18
1.0 -4.5 19
1.0 -4.0 18
1.0 -3.5 18
1.0 -3.0 16
1.0 -2.5 14
1.0 -2.0 28
1.0 -1.5 20
1.0 -1.0 22
1.0 -0.5 28
1.0 0.0 32
1.0 0.5 17
1.0 1.0 0
1.0 1.5 18
1.0 2.0 22
1.0 2.5 18
1.0 3.0 24
1.0 3.5 19
1.0 4.0 26
1.0 4.5 26
1.0 5.0 35
1.5 -5.0 20
1.5 -4.5 21
1.5 -4.0 24
1.5 -3.5 26
1.5 -3.0 33
1.5 -2.5 34
1.5 -2.0 41
1.5 -1.5 41
1.5 -1.0 32
1.5 -0.5 18
1.5 0.0 21
1.5 0.5 28
1.5 1.0 28
1.5 1.5 16
1.5 2.0 17
1.5 2.5 17
1.5 3.0 22
1.5 3.5 24
1.5 4.0 26
1.5 4.5 34
1.5 5.0 28
2.0 -5.0 36
2.0 -4.5 33
2.0 -4.0 41
2.0 -3.5 43
2.0 -3.0 41
2.0 -2.5 39
2.0 -2.0 43
2.0 -1.5 46
2.0 -1.0 38
2.0 -0.5 33
2.0 0.0 41
2.0 0.5 19
2.0 1.0 16
2.0 1.5 23
2.0 2.0 30
2.0 2.5 21
2.0 3.0 22
2.0 3.5 22
2.0 4.0 22
2.0 4.5 26
2.0 5.0 29
2.5 -5.0 46
2.5 -4.5 43
2.5 -4.0 45
2.5 -3.5 42
2.5 -3.0 45
2.5 -2.5 46
2.5 -2.0 50
2.5 -1.5 51
2.5 -1.0 41
2.5 -0.5 38
2.5 0.0 41
2.5 0.5 41
2.5 1.0 40
2.5 1.5 41
2.5 2.0 22
2.5 2.5 23
2.5 3.0 14
2.5 3.5 23
2.5 4.0 27
2.5 4.5 27
2.5 5.0 27
3.0 -5.0 45
3.0 -4.5 48
3.0 -4.0 53
3.0 -3.5 51
3.0 -3.0 54
3.0 -2.5 54
3.0 -2.0 56
3.0 -1.5 54
3.0 -1.0 43
3.0 -0.5 42
3.0 0.0 42
3.0 0.5 44
3.0 1.0 43
3.0 1.5 43
3.0 2.0 42
3.0 2.5 46
3.0 3.0 43
3.0 3.5 30
3.0 4.0 27
3.0 4.5 26
3.0 5.0 23
3.5 -5.0 52
3.5 -4.5 51
3.5 -4.0 57
3.5 -3.5 62
3.5 -3.0 56
3.5 -2.5 57
3.5 -2.0 57
3.5 -1.5 58
3.5 -1.0 65
3.5 -0.5 47
3.5 0.0 49
3.5 0.5 46
3.5 1.0 47
3.5 1.5 47
3.5 2.0 43
3.5 2.5 48
3.5 3.0 45
3.5 3.5 46
3.5 4.0 50
3.5 4.5 44
3.5 5.0 47
4.0 -5.0 56
4.0 -4.5 53
4.0 -4.0 56
4.0 -3.5 61
4.0 -3.0 61
4.0 -2.5 62
4.0 -2.0 63
4.0 -1.5 59
4.0 -1.0 59
4.0 -0.5 66
4.0 0.0 67
4.0 0.5 51
4.0 1.0 48
4.0 1.5 50
4.0 2.0 48
4.0 2.5 48
4.0 3.0 50
4.0 3.5 50
4.0 4.0 47
4.0 4.5 51
4.0 5.0 51
4.5 -5.0 58
4.5 -4.5 60
4.5 -4.0 59
4.5 -3.5 58
4.5 -3.0 61
4.5 -2.5 65
4.5 -2.0 67
4.5 -1.5 64
4.5 -1.0 61
4.5 -0.5 63
4.5 0.0 66
4.5 0.5 68
4.5 1.0 69
4.5 1.5 53
4.5 2.0 52
4.5 2.5 52
4.5 3.0 50
4.5 3.5 52
4.5 4.0 52
4.5 4.5 50
4.5 5.0 53
5.0 -5.0 62
5.0 -4.5 64
5.0 -4.0 61
5.0 -3.5 64
5.0 -3.0 64
5.0 -2.5 66
5.0 -2.0 62
5.0 -1.5 65
5.0 -1.0 65
5.0 -0.5 65
5.0 0.0 68
5.0 0.5 64
5.0 1.0 69
5.0 1.5 71
5.0 2.0 72
5.0 2.5 75
5.0 3.0 56
5.0 3.5 55
5.0 4.0 57
5.0 4.5 55
5.0 5.0 54
