-5.0 -5.0 78
-5.0 -4.5 80
-5.0 -4.0 86
-5.0 -3.5 82
-5.0 -3.0 87
-5.0 -2.5 76
-5.0 -2.0 80
-5.0 -1.5 91
-5.0 -1.0 87
-5.0 -0.5 73
-5.0 0.0 94
-5.0 0.5 108
-5.0 1.0 82
-5.0 1.5 113
-5.0 2.0 110
-5.0 2.5 111
-5.0 3.0 122
-5.0 3.5 131
-5.0 4.0 120
-5.0 4.5 142
-5.0 5.0 143
-4.5 -5.0 80
-4.5 -4.5 85
-4.5 -4.0 76
-4.5 -3.5 82
-4.5 -3.0 83
-4.5 -2.5 82
-4.5 -2.0 78
-4.5 -1.5 80
-4.5 -1.0 97
-4.5 -0.5 76
-4.5 0.0 90
-4.5 0.5 125
-4.5 1.0 111
-4.5 1.5 118
-4.5 2.0 115
-4.5 2.5 127
-4.5 3.0 116
-4.5 3.5 135
-4.5 4.0 137
-4.5 4.5 122
-4.5 5.0 125
-4.0 -5.0 83
-4.0 -4.5 80
-4.0 -4.0 70
-4.0 -3.5 74
-4.0 -3.0 77
-4.0 -2.5 87
-4.0 -2.0 75
-4.0 -1.5 83
-4.0 -1.0 86
-4.0 -0.5 61
-4.0 0.0 94
-4.0 0.5 54
-4.0 1.0 124
-4.0 1.5 107
-4.0 2.0 122
-4.0 2.5 126
-4.0 3.0 131
-4.0 3.5 123
-4.0 4.0 136
-4.0 4.5 127
-4.0 5.0 125
-3.5 -5.0 77
-3.5 -4.5 86
-3.5 -4.0 87
-3.5 -3.5 87
-3.5 -3.0 76
-3.5 -2.5 80
-3.5 -2.0 86
-3.5 -1.5 88
-3.5 -1.0 78
-3.5 -0.5 77
-3.5 0.0 92
-3.5 0.5 55
-3.5 1.0 122
-3.5 1.5 102
-3.5 2.0 144
-3.5 2.5 121
-3.5 3.0 144
-3.5 3.5 118
-3.5 4.0 130
-3.5 4.5 127
-3.5 5.0 125
-3.0 -5.0 75
-3.0 -4.5 80
-3.0 -4.0 75
-3.0 -3.5 71
-3.0 -3.0 79
-3.0 -2.5 76
-3.0 -2.0 71
-3.0 -1.5 82
-3.0 -1.0 85
-3.0 -0.5 88
-3.0 0.0 87
-3.0 0.5 102
-3.0 1.0 121
-3.0 1.5 112
-3.0 2.0 111
-3.0 2.5 140
-3.0 3.0 123
-3.0 3.5 112
-3.0 4.0 125
-3.0 4.5 119
-3.0 5.0 127
-2.5 -5.0 89
-2.5 -4.5 110
-2.5 -4.0 57
-2.5 -3.5 80
-2.5 -3.0 72
-2.5 -2.5 74
-2.5 -2.0 75
-2.5 -1.5 83
-2.5 -1.0 102
-2.5 -0.5 73
-2.5 0.0 86
-2.5 0.5 103
-2.5 1.0 96
-2.5 1.5 98
-2.5 2.0 123
-2.5 2.5 114
-2.5 3.0 118
-2.5 3.5 131
-2.5 4.0 119
-2.5 4.5 119
-2.5 5.0 122
-2.0 -5.0 84
-2.0 -4.5 69
-2.0 -4.0 81
-2.0 -3.5 87
-2.0 -3.0 114
-2.0 -2.5 82
-2.0 -2.0 79
-2.0 -1.5 81
-2.0 -1.0 74
-2.0 -0.5 86
-2.0 0.0 97
-2.0 0.5 95
-2.0 1.0 108
-2.0 1.5 102
-2.0 2.0 112
-2.0 2.5 100
-2.0 3.0 107
-2.0 3.5 102
-2.0 4.0 122
-2.0 4.5 111
-2.0 5.0 128
-1.5 -5.0 109
-1.5 -4.5 94
-1.5 -4.0 70
-1.5 -3.5 84
-1.5 -3.0 85
-1.5 -2.5 76
-1.5 -2.0 64
-1.5 -1.5 54
-1.5 -1.0 83
-1.5 -0.5 87
-1.5 0.0 110
-1.5 0.5 89
-1.5 1.0 96
-1.5 1.5 103
-1.5 2.0 93
-1.5 2.5 97
-1.5 3.0 107
-1.5 3.5 120
-1.5 4.0 100
-1.5 4.5 120
-1.5 5.0 139
-1.0 -5.0 101
-1.0 -4.5 113
-1.0 -4.0 102
-1.0 -3.5 109
-1.0 -3.0 99
-1.0 -2.5 101
-1.0 -2.0 98
-1.0 -1.5 76
-1.0 -1.0 67
-1.0 -0.5 83
-1.0 0.0 83
-1.0 0.5 96
-1.0 1.0 100
-1.0 1.5 101
-1.0 2.0 105
-1.0 2.5 100
-1.0 3.0 106
-1.0 3.5 118
-1.0 4.0 105
-1.0 4.5 106
-1.0 5.0 110
-0.5 -5.0 89
-0.5 -4.5 97
-0.5 -4.0 94
-0.5 -3.5 85
-0.5 -3.0 88
-0.5 -2.5 91
-0.5 -2.0 86
-0.5 -1.5 110
-0.5 -1.0 77
-0.5 -0.5 75
-0.5 0.0 81
-0.5 0.5 83
-0.5 1.0 94
-0.5 1.5 100
-0.5 2.0 114
-0.5 2.5 98
-0.5 3.0 96
-0.5 3.5 109
-0.5 4.0 99
-0.5 4.5 93
-0.5 5.0 102
0.0 -5.0 98
0.0 -4.5 99
0.0 -4.0 109
0.0 -3.5 96
0.0 -3.0 102
0.0 -2.5 88
0.0 -2.0 91
0.0 -1.5 99
0.0 -1.0 110
0.0 -0.5 101
0.0 0.0 79
0.0 0.5 108
0.0 1.0 101
0.0 1.5 105
0.0 2.0 108
0.0 2.5 104
0.0 3.0 119
0.0 3.5 110
0.0 4.0 103
0.0 4.5 93
0.0 5.0 95
0.5 -5.0 69
0.5 -4.5 61
0.5 -4.0 68
0.5 -3.5 57
0.5 -3.0 57
0.5 -2.5 61
0.5 -2.0 58
0.5 -1.5 59
0.5 -1.0 58
0.5 -0.5 62
0.5 0.0 77
0.5 0.5 55
0.5 1.0 51
0.5 1.5 54
0.5 2.0 63
0.5 2.5 55
0.5 3.0 56
0.5 3.5 53
0.5 4.0 51
0.5 4.5 57
0.5 5.0 51
1.0 -5.0 59
1.0 -4.5 50
1.0 -4.0 50
1.0 -3.5 56
1.0 -3.0 56
1.0 -2.5 62
1.0 -2.0 56
1.0 -1.5 77
1.0 -1.0 78
1.0 -0.5 68
1.0 0.0 79
1.0 0.5 50
1.0 1.0 24
1.0 1.5 45
1.0 2.0 47
1.0 2.5 54
1.0 3.0 60
1.0 3.5 76
1.0 4.0 57
1.0 4.5 55
1.0 5.0 70
1.5 -5.0 74
1.5 -4.5 47
1.5 -4.0 74
1.5 -3.5 73
1.5 -3.0 72
1.5 -2.5 87
1.5 -2.0 71
1.5 -1.5 88
1.5 -1.0 77
1.5 -0.5 71
1.5 0.0 91
1.5 0.5 53
1.5 1.0 54
1.5 1.5 55
1.5 2.0 49
1.5 2.5 60
1.5 3.0 60
1.5 3.5 73
1.5 4.0 63
1.5 4.5 62
1.5 5.0 83
2.0 -5.0 71
2.0 -4.5 90
2.0 -4.0 92
2.0 -3.5 65
2.0 -3.0 60
2.0 -2.5 92
2.0 -2.0 88
2.0 -1.5 76
2.0 -1.0 66
2.0 -0.5 69
2.0 0.0 87
2.0 0.5 52
2.0 1.0 64
2.0 1.5 60
2.0 2.0 62
2.0 2.5 68
2.0 3.0 84
2.0 3.5 81
2.0 4.0 67
2.0 4.5 89
2.0 5.0 83
2.5 -5.0 66
2.5 -4.5 98
2.5 -4.0 98
2.5 -3.5 89
2.5 -3.0 81
2.5 -2.5 80
2.5 -2.0 75
2.5 -1.5 67
2.5 -1.0 66
2.5 -0.5 73
2.5 0.0 90
2.5 0.5 48
2.5 1.0 51
2.5 1.5 64
2.5 2.0 96
2.5 2.5 88
2.5 3.0 77
2.5 3.5 74
2.5 4.0 80
2.5 4.5 74
2.5 5.0 84
3.0 -5.0 85
3.0 -4.5 91
3.0 -4.0 78
3.0 -3.5 88
3.0 -3.0 81
3.0 -2.5 79
3.0 -2.0 71
3.0 -1.5 53
3.0 -1.0 82
3.0 -0.5 73
3.0 0.0 84
3.0 0.5 64
3.0 1.0 70
3.0 1.5 69
3.0 2.0 64
3.0 2.5 72
3.0 3.0 76
3.0 3.5 94
3.0 4.0 83
3.0 4.5 75
3.0 5.0 95
3.5 -5.0 80
3.5 -4.5 74
3.5 -4.0 73
3.5 -3.5 80
3.5 -3.0 79
3.5 -2.5 66
3.5 -2.0 74
3.5 -1.5 78
3.5 -1.0 82
3.5 -0.5 68
3.5 0.0 101
3.5 0.5 115
3.5 1.0 61
3.5 1.5 65
3.5 2.0 73
3.5 2.5 83
3.5 3.0 89
3.5 3.5 85
3.5 4.0 86
3.5 4.5 94
3.5 5.0 113
4.0 -5.0 86
4.0 -4.5 84
4.0 -4.0 69
4.0 -3.5 62
4.0 -3.0 61
4.0 -2.5 67
4.0 -2.0 75
4.0 -1.5 74
4.0 -1.0 76
4.0 -0.5 78
4.0 0.0 92
4.0 0.5 113
4.0 1.0 62
4.0 1.5 76
4.0 2.0 71
4.0 2.5 74
4.0 3.0 86
4.0 3.5 82
4.0 4.0 90
4.0 4.5 79
4.0 5.0 100
4.5 -5.0 80
4.5 -4.5 71
4.5 -4.0 62
4.5 -3.5 70
4.5 -3.0 73
4.5 -2.5 83
4.5 -2.0 84
4.5 -1.5 81
4.5 -1.0 71
4.5 -0.5 77
4.5 0.0 79
4.5 0.5 58
4.5 1.0 70
4.5 1.5 74
4.5 2.0 91
4.5 2.5 77
4.5 3.0 76
4.5 3.5 104
4.5 4.0 107
4.5 4.5 87
4.5 5.0 101
5.0 -5.0 62
5.0 -4.5 60
5.0 -4.0 75
5.0 -3.5 84
5.0 -3.0 79
5.0 -2.5 81
5.0 -2.0 88
5.0 -1.5 89
5.0 -1.0 84
5.0 -0.5 87
5.0 0.0 81
5.0 0.5 58
5.0 1.0 115
5.0 1.5 73
5.0 2.0 83
5.0 2.5 77
5.0 3.0 95
5.0 3.5 86
5.0 4.0 95
5.0 4.5 102
5.0 5.0 106
