0.5 -1.0 59
-1.5 -4.5 45
2.0 2.5 34
1.0 -3.5 46
3.5 0.5 42
1.0 -2.5 49
5.0 -2.0 42
1.5 0.0 84
-4.0 4.5 40
-4.0 1.5 41
-3.5 -1.0 41
4.5 4.0 43
5.0 2.5 46
4.5 2.5 38
3.0 -1.5 33
3.5 -5.0 43
-2.5 0.0 66
0.0 -4.5 84
3.0 1.0 39
2.0 4.5 41
1.0 1.0 45
-4.0 0.0 92
-1.5 1.0 43
2.0 -4.0 49
-0.5 -0.5 44
-4.0 -0.5 48
4.0 0.5 53
1.5 2.0 39
-2.5 1.0 37
-4.5 -4.0 36
-2.0 -1.5 42
3.5 -4.0 39
-0.5 -3.5 48
0.0 -0.5 82
-1.0 0.5 50
4.0 -1.0 40
-2.5 4.0 33
4.5 -5.0 42
-0.5 -3.0 49
5.0 -4.5 40
-0.5 -2.5 47
-1.0 1.5 46
0.5 5.0 61
-4.0 3.5 37
-1.0 4.0 42
3.5 5.0 45
-3.0 -4.0 33
-1.0 -1.0 46
5.0 -5.0 42
-2.5 4.5 33
-2.0 -1.0 47
1.0 2.0 43
-5.0 3.5 40
1.5 -4.0 44
-5.0 0.0 87
-1.0 3.5 45
3.5 -2.0 28
-2.5 2.0 32
0.0 -2.5 75
0.5 4.0 46
-4.0 1.0 45
4.5 1.5 39
-3.0 -4.5 31
3.0 0.5 43
2.5 4.5 36
-2.0 -0.5 50
-0.5 4.0 55
-0.5 -4.0 57
1.5 -3.5 42
2.5 -1.5 35
1.5 -2.5 55
-4.0 -3.5 29
2.5 0.0 82
0.0 0.5 75
-4.0 -4.5 36
-0.5 1.0 51
-2.5 3.5 27
3.0 1.5 32
-4.0 5.0 39
5.0 -1.5 34
-3.5 2.0 38
-3.0 4.0 32
1.0 -1.0 45
-1.5 -3.0 42
-4.5 3.0 40
-4.0 3.0 34
-3.5 0.5 50
-3.0 -1.0 42
-4.5 -0.5 53
4.5 -1.0 48
-5.0 -3.5 39
1.5 5.0 44
4.0 3.5 39
-1.5 1.5 41
-3.5 3.0 35
-1.0 -3.0 50
4.5 -3.5 39
-3.0 1.5 40
-2.0 5.0 39
0.0 -5.0 89
4.0 2.0 34
-1.5 2.0 40
-4.5 4.0 40
2.5 -2.5 37
1.5 -2.0 44
-2.0 -2.5 36
-3.5 -5.0 36
4.0 -3.5 36
-4.5 -2.0 40
-1.0 -3.5 46
-1.0 5.0 45
-1.5 -1.5 43
-3.5 -4.0 33
-2.5 5.0 38
3.0 2.0 23
4.5 -1.5 34
1.0 3.0 45
-3.0 2.5 34
1.5 4.0 47
3.0 3.5 36
1.0 -5.0 54
3.5 1.0 38
-3.0 3.0 30
4.0 5.0 48
0.5 2.5 44
0.5 0.0 65
-0.5 0.5 51
4.5 1.0 42
2.0 2.0 36
5.0 3.0 43
-1.0 -1.5 43
-3.5 5.0 37
-2.5 3.0 28
-0.5 -2.0 46
3.0 -3.5 36
-4.0 -2.5 37
-4.0 0.5 54
-1.0 -4.5 44
-1.0 -4.0 49
0.5 -3.0 54
0.5 2.0 49
-0.5 -1.5 52
-1.5 -4.0 44
-2.5 -2.5 36
4.0 1.5 38
0.5 -2.0 54
3.0 -0.5 45
4.5 3.5 43
0.0 -1.0 68
-3.5 4.0 36
-1.5 2.5 41
3.5 -0.5 51
-3.5 -3.0 28
-0.5 -5.0 63
1.5 1.5 34
-5.0 2.0 37
0.5 0.5 53
-1.0 1.0 44
-2.5 -1.5 38
-4.5 4.5 41
2.0 5.0 38
4.0 -0.5 46
-3.0 2.0 36
-3.5 1.5 41
-2.5 -1.0 47
-1.5 -5.0 47
3.5 3.0 36
-2.0 0.5 51
-4.5 0.0 96
1.5 1.0 51
-2.0 2.5 35
3.5 1.5 36
0.5 -4.5 53
1.5 0.5 48
5.0 -0.5 47
5.0 1.0 45
-1.5 0.0 80
0.0 2.0 89
-5.0 -4.0 34
-2.0 1.0 42
-4.5 1.5 43
2.0 -3.0 44
-2.0 0.0 109
0.5 -3.5 58
2.5 1.0 40
5.0 4.0 44
-2.5 -5.0 39
-2.5 -4.5 40
-3.0 0.0 67
0.0 -3.5 83
4.5 -4.5 46
-2.5 -0.5 46
4.0 -5.0 41
3.0 3.0 34
-3.0 -3.0 36
2.5 -5.0 40
-2.0 4.0 36
-4.0 2.0 38
-1.0 3.0 38
2.0 3.0 39
-5.0 -3.0 34
3.0 -5.0 38
4.0 4.0 40
2.5 -4.5 34
-4.5 -1.5 43
-4.0 -4.0 34
-1.0 -2.5 46
5.0 -2.5 40
-4.5 -3.0 32
1.5 2.5 37
1.5 -3.0 46
-1.0 -2.0 42
-3.0 -5.0 36
4.0 -1.5 32
0.0 3.5 67
-2.5 -3.5 36
-4.0 -1.5 41
-3.0 1.0 47
-5.0 4.0 39
0.5 1.0 53
-4.5 2.5 36
3.5 2.5 35
3.0 -4.0 37
4.0 3.0 37
2.0 1.5 35
4.0 2.5 37
3.5 -3.0 36
-4.5 -5.0 41
3.5 0.0 62
3.5 4.5 42
0.0 1.0 82
-0.5 3.5 49
1.5 3.5 41
0.0 -4.0 90
1.0 1.5 50
-1.5 -2.5 42
5.0 -4.0 45
-3.5 -1.5 41
-0.5 3.0 46
4.5 -4.0 40
-4.5 2.0 38
-4.5 -3.5 36
-3.0 5.0 34
-1.5 3.0 37
-5.0 -2.5 35
-2.5 0.5 44
1.5 -5.0 42
1.0 2.5 41
-2.0 3.5 36
4.5 3.0 43
5.0 5.0 41
1.0 -1.5 38
0.5 -4.0 53
3.0 2.5 30
-2.0 2.0 36
4.5 2.0 34
2.5 -1.0 40
-2.0 -3.0 42
-3.0 -1.5 42
3.0 4.5 41
-4.5 -4.5 35
3.0 -3.0 40
-0.5 5.0 48
-1.0 4.5 46
2.0 -5.0 39
3.0 -1.0 41
-4.5 5.0 39
3.0 5.0 38
-4.0 -3.0 28
0.0 0.0 81
-3.0 4.5 35
1.0 -2.0 43
-3.5 2.5 33
2.0 1.0 44
-3.0 -0.5 42
3.5 -3.5 38
3.5 -2.5 38
3.0 -4.5 38
5.0 2.0 39
-2.0 -3.5 42
2.0 -0.5 54
-2.5 -4.0 37
4.5 0.0 82
2.0 -1.5 40
5.0 0.5 49
0.0 4.0 80
4.0 4.5 43
2.5 -4.0 36
-4.0 -5.0 38
-3.5 -0.5 50
-1.0 2.5 41
2.5 0.5 55
4.0 -4.5 40
-4.5 -1.0 48
2.5 -2.0 40
2.0 3.5 38
-4.0 -2.0 41
0.5 -0.5 44
1.0 5.0 50
4.5 4.5 42
3.5 -4.5 40
0.0 -2.0 64
-0.5 2.5 44
0.5 -2.5 58
-3.0 -2.5 36
0.0 1.5 80
3.0 0.0 72
4.0 1.0 40
-1.5 -1.0 49
-0.5 -4.5 59
4.5 -2.5 37
1.0 0.0 80
-3.5 -2.5 33
2.0 0.0 82
-5.0 -2.0 39
3.5 -1.0 36
1.5 -0.5 56
4.0 -4.0 37
3.0 -2.0 35
0.5 3.0 48
