-2.5 -4.0 40
2.0 0.0 26
-1.5 0.0 49
4.5 3.5 37
1.0 -5.0 29
-3.5 5.0 400
-2.0 -1.0 42
4.5 3.0 41
-1.0 1.0 60
3.0 1.5 30
-5.0 4.0 400
4.5 0.0 21
2.0 3.0 31
4.0 2.5 31
-3.5 -2.5 34
1.5 -1.5 33
4.5 -5.0 26
-4.0 5.0 400
4.5 -3.0 34
5.0 -3.0 28
4.0 -3.0 34
2.0 -2.0 36
0.5 -1.0 33
4.0 -1.5 34
4.5 -0.5 29
-3.5 4.5 400
-4.5 -2.5 35
0.0 1.0 28
-3.0 -2.5 35
4.0 -5.0 31
2.0 -2.5 27
4.0 1.0 22
3.5 -3.0 28
-1.5 -1.5 32
-1.0 -4.5 34
1.0 -4.0 33
2.5 3.0 33
-1.5 -3.0 32
1.0 3.0 36
-0.5 -2.0 45
3.5 2.5 33
4.0 1.5 27
2.0 1.5 23
-2.5 0.5 68
1.5 -2.0 30
-1.5 1.5 56
5.0 -3.5 36
0.5 2.0 18
-2.0 -4.5 38
-4.5 -4.5 37
-3.0 2.5 400
1.5 4.0 37
-1.5 -4.5 48
4.5 -4.5 40
0.0 -2.0 31
-5.0 -3.0 40
-1.5 -2.5 36
-1.0 4.5 400
4.5 -2.5 35
-0.5 5.0 400
-5.0 2.5 301
0.0 -4.5 33
2.0 4.5 36
0.5 0.0 25
-1.0 -2.0 38
-3.0 -3.0 34
5.0 4.0 38
-0.5 3.5 283
-3.0 2.0 182
1.0 -2.5 22
-3.0 3.0 400
-3.5 3.5 400
-1.5 4.0 400
3.5 1.5 25
-5.0 1.5 191
3.5 -2.0 32
1.5 3.5 26
4.0 -0.5 33
3.0 -0.5 33
3.0 4.5 40
-4.0 2.0 340
-3.0 3.5 400
-4.0 -1.0 45
-3.0 -4.5 35
-2.0 1.0 95
-2.5 3.0 332
2.5 -4.5 29
-0.5 -1.5 33
-1.0 -3.5 38
-3.5 -5.0 35
1.5 3.0 33
3.0 -2.5 31
3.0 2.5 31
-2.0 0.0 55
-2.0 1.5 66
1.5 -4.0 23
1.5 -4.5 24
5.0 5.0 42
3.0 1.0 20
-2.0 -1.5 34
-4.0 -4.0 44
3.5 4.0 33
0.0 -3.5 33
2.5 0.5 9
2.5 -3.5 24
1.0 4.5 41
2.5 -0.5 30
2.0 -4.5 37
3.0 -1.0 35
4.0 -1.0 35
2.5 2.0 25
-4.0 0.0 62
-4.5 -3.0 38
-1.0 1.5 96
4.0 4.0 40
-0.5 -4.5 40
-1.5 -5.0 40
-2.0 -3.5 32
-2.0 3.5 400
5.0 3.5 37
-2.0 5.0 400
-1.0 2.5 265
2.0 3.5 31
-3.5 2.5 400
-5.0 -5.0 41
1.5 2.5 25
-0.5 4.0 400
0.0 -2.5 32
-5.0 -3.5 38
3.0 -3.0 32
-2.5 2.0 247
-4.5 -0.5 55
5.0 -4.5 42
4.5 4.0 37
1.0 0.5 21
1.5 2.0 20
-5.0 1.0 125
-4.5 4.0 400
0.5 4.5 32
4.0 -2.0 33
3.0 -4.5 35
-1.0 0.0 36
-5.0 3.5 400
5.0 -5.0 41
2.5 4.0 35
-4.0 -0.5 40
-1.0 0.5 51
2.5 -1.0 37
-5.0 -2.0 39
-1.0 2.0 146
2.5 1.5 24
-3.5 2.0 303
3.0 -3.5 30
0.5 1.0 20
4.5 -2.0 41
-3.5 0.5 52
2.0 -5.0 32
1.5 5.0 36
3.0 -5.0 39
-5.0 5.0 400
-0.5 -3.5 43
4.0 5.0 38
-3.0 5.0 400
-3.5 0.0 68
-4.5 3.5 400
3.0 5.0 42
1.5 0.5 20
-1.5 -1.0 37
3.5 5.0 43
0.0 0.5 31
0.0 -4.0 28
4.5 1.5 29
-0.5 2.0 89
4.0 0.0 20
1.5 -0.5 29
-0.5 1.0 55
-1.5 -2.0 37
-4.5 2.5 400
3.0 0.5 10
2.0 -1.5 36
-4.5 0.5 93
4.5 0.5 15
5.0 2.0 30
-4.0 1.5 219
1.0 4.0 33
3.0 4.0 37
2.5 1.0 20
1.0 3.5 35
1.0 1.0 1
2.5 4.5 36
2.0 -1.0 37
1.5 4.5 33
4.0 -4.5 30
3.5 2.0 30
0.5 -4.0 28
-0.5 4.5 400
-2.5 -3.0 36
3.0 3.5 33
0.5 -2.0 29
-2.5 -1.5 34
4.5 5.0 40
-1.5 1.0 95
2.0 0.5 13
-0.5 -1.0 37
1.0 1.5 18
5.0 -1.5 36
3.5 4.5 41
2.0 -3.5 27
-2.5 3.5 400
0.5 -0.5 31
-3.0 4.5 400
-0.5 -3.0 46
-1.5 -0.5 40
1.0 -0.5 32
-1.5 5.0 400
3.0 3.0 31
0.0 3.5 30
-4.5 0.0 56
-2.0 2.0 275
-4.0 1.0 54
3.5 -2.5 40
-2.5 5.0 400
-3.0 -3.5 35
-1.0 -0.5 40
1.0 2.0 24
-3.0 -4.0 37
1.5 0.0 25
-1.0 -1.0 38
3.5 1.0 20
4.0 3.0 34
2.5 0.0 21
-5.0 0.5 90
0.5 3.5 30
-0.5 -0.5 32
5.0 -1.0 40
-3.5 -4.0 40
-2.5 -3.5 42
3.0 0.0 19
1.5 -5.0 26
5.0 2.5 33
-3.5 -4.5 35
-2.5 -5.0 43
-4.0 4.5 400
4.0 0.5 10
1.0 -4.5 36
-0.5 0.0 40
-4.5 -2.0 38
-4.0 3.0 400
1.5 -3.0 35
-2.5 -4.5 50
-4.0 -2.0 44
1.0 -3.0 32
-0.5 2.5 155
1.0 2.5 22
2.5 -2.0 34
-1.0 5.0 400
1.5 1.5 22
2.5 -5.0 27
2.5 3.5 31
-5.0 4.5 400
-1.5 4.5 400
-2.0 -3.0 37
2.5 -4.0 32
-2.0 2.5 366
-5.0 -2.5 37
-4.0 -4.5 46
0.5 2.5 24
3.5 3.5 34
-1.5 -3.5 35
-1.0 -3.0 33
2.5 2.5 29
4.5 -1.0 38
-4.5 -1.0 41
3.0 -2.0 37
2.0 2.5 30
-4.5 1.5 225
-1.0 -1.5 32
-4.5 1.0 118
-2.5 -0.5 45
-3.5 3.0 360
3.0 -1.5 34
-5.0 2.0 372
2.0 -3.0 26
-0.5 -2.5 44
4.5 -1.5 40
0.0 -1.0 31
-0.5 3.0 269
1.0 5.0 37
4.0 4.5 39
5.0 -0.5 24
-2.5 1.0 49
1.0 0.0 29
5.0 1.5 27
-5.0 3.0 400
4.5 1.0 18
1.5 -3.5 36
-3.0 -5.0 35
4.5 -4.0 35
-4.5 -4.0 39
0.0 2.0 28
2.5 -1.5 35
-5.0 -1.5 38
0.0 -3.0 31
-3.5 -2.0 35
-1.0 3.0 234
-2.5 1.5 186
5.0 0.5 16
-4.5 2.0 187
-1.5 3.0 400
4.0 -2.5 34
5.0 4.5 46
4.5 2.0 22
3.5 -0.5 31
0.5 5.0 42
-1.0 4.0 400
-4.5 4.5 400
0.0 -5.0 32
-4.0 -5.0 41
-2.5 4.0 400
0.5 -4.5 24
