4.5 3.0 76
2.0 4.5 89
-3.5 2.5 121
-3.5 0.0 92
4.5 -2.0 84
-3.5 -1.0 78
4.0 -3.5 62
-5.0 -2.0 80
-2.5 -5.0 89
-5.0 -4.5 80
1.5 1.0 54
-1.5 -2.0 64
-3.5 -4.5 86
-1.0 2.0 105
2.5 -5.0 66
1.5 -0.5 71
-4.0 -4.5 80
-5.0 3.5 131
0.0 -3.5 96
5.0 -4.0 75
-0.5 -2.5 91
0.5 -4.0 68
3.5 -3.0 79
3.5 -2.0 74
0.5 -5.0 69
3.0 1.5 69
1.0 -4.0 50
-4.0 -2.5 87
4.0 4.5 79
5.0 2.0 83
-3.0 3.0 123
-3.5 -2.5 80
2.5 5.0 84
-1.5 -2.5 76
3.0 -2.0 71
2.0 2.0 62
-2.0 -2.5 82
2.5 -1.0 66
1.5 2.0 49
-5.0 -5.0 78
3.5 1.0 61
0.5 -3.0 57
1.0 -5.0 59
-1.5 3.5 120
2.5 2.0 96
5.0 -0.5 87
-1.0 2.5 100
1.0 2.5 54
3.5 1.5 65
4.0 -4.0 69
-0.5 -4.0 94
-5.0 -3.0 87
3.0 5.0 95
1.0 -1.5 77
-4.5 -3.5 82
4.5 -3.5 70
-1.0 -4.0 102
1.5 -4.5 47
0.0 -0.5 101
-4.5 -5.0 80
-1.5 1.0 96
4.0 4.0 90
0.0 -4.5 99
-4.5 1.5 118
4.5 -1.0 71
2.5 -4.0 98
0.5 2.5 55
-0.5 -0.5 75
-5.0 -1.5 91
0.0 -1.5 99
-0.5 3.5 109
3.5 -2.5 66
-3.5 4.5 127
-4.0 2.0 122
2.0 3.5 81
-1.5 -1.0 83
-3.5 2.0 144
-0.5 4.5 93
-1.0 -1.5 76
-2.5 -1.5 83
1.0 1.0 24
3.0 -4.0 78
0.0 1.0 101
-0.5 0.5 83
-5.0 -3.5 82
-1.5 4.5 120
1.5 -1.5 88
-2.0 2.0 112
1.5 4.0 63
-1.0 4.5 106
-1.0 -2.5 101
-2.0 3.0 107
1.5 -1.0 77
2.5 -2.0 75
1.0 -2.5 62
1.5 -5.0 74
5.0 3.5 86
1.5 0.5 53
-4.5 -1.0 97
2.5 -4.5 98
-1.5 -4.5 94
-0.5 -3.5 85
3.5 -0.5 68
-2.0 2.5 100
1.5 -3.0 72
-5.0 4.0 120
-4.0 -1.0 86
2.0 1.0 64
3.0 -3.5 88
1.5 -3.5 73
3.5 4.5 94
-5.0 1.5 113
0.5 -0.5 62
-4.0 -4.0 70
-0.5 -1.5 110
-3.0 2.0 111
-2.0 0.5 95
0.0 1.5 105
0.0 3.5 110
-2.0 -0.5 86
-3.5 -4.0 87
-0.5 2.5 98
4.0 5.0 100
-1.5 -3.5 84
-1.5 3.0 107
4.5 -1.5 81
0.0 -3.0 102
-3.0 -4.5 80
3.0 4.0 83
2.0 -4.0 92
3.5 -4.5 74
-1.5 0.5 89
2.0 4.0 67
-3.5 0.5 55
-3.5 -1.5 88
5.0 1.5 73
4.5 -5.0 80
4.5 -4.5 71
4.0 -0.5 78
-4.0 4.0 136
-2.0 3.5 102
-4.5 1.0 111
3.0 -2.5 79
-4.5 4.0 137
-0.5 -1.0 77
-4.5 4.5 122
0.0 -2.5 88
0.5 5.0 51
3.0 -3.0 81
3.5 -1.5 78
5.0 5.0 106
-1.0 5.0 110
-5.0 4.5 142
-5.0 3.0 122
1.5 2.5 60
4.0 -1.5 74
-0.5 4.0 99
1.0 5.0 70
0.0 3.0 119
-1.0 1.5 101
-4.5 0.0 90
3.0 0.5 64
-2.5 2.0 123
5.0 -2.0 88
-4.5 2.0 115
-4.5 3.0 116
-4.5 -4.5 85
-4.0 0.0 94
4.0 -2.5 67
-1.0 0.0 83
1.0 -0.5 68
-2.5 -2.0 75
2.5 1.5 64
-2.0 -4.5 69
-1.5 -5.0 109
2.0 -4.5 90
-2.5 -1.0 102
-3.5 -0.5 77
0.0 -1.0 110
-1.5 -0.5 87
-2.0 4.0 122
4.5 2.5 77
-4.0 -1.5 83
-2.5 1.0 96
-5.0 -4.0 86
4.0 -2.0 75
-3.5 4.0 130
-4.5 0.5 125
2.5 3.0 77
4.5 0.5 58
-4.5 -0.5 76
0.5 1.5 54
-2.5 4.5 119
4.0 1.0 62
-4.5 -1.5 80
2.0 0.0 87
3.0 2.5 72
1.0 4.0 57
0.5 -1.5 59
-1.0 -4.5 113
3.5 3.5 85
4.0 1.5 76
-2.5 -3.0 72
1.0 -2.0 56
3.5 -5.0 80
2.5 2.5 88
4.0 0.5 113
1.5 5.0 83
-3.0 5.0 127
4.5 0.0 79
1.5 4.5 62
1.5 1.5 55
1.5 -2.5 87
0.0 -5.0 98
2.5 0.0 90
0.5 -2.0 58
-0.5 -4.5 97
2.5 -1.5 67
-3.0 -5.0 75
-5.0 -2.5 76
-3.0 -2.5 76
-2.5 3.5 131
-5.0 2.5 111
4.0 2.0 71
-4.5 -2.5 82
5.0 1.0 115
-0.5 -3.0 88
1.0 4.5 55
3.5 0.5 115
1.0 -4.5 50
4.5 -4.0 62
5.0 0.0 81
-4.0 3.5 123
0.0 2.5 104
-0.5 2.0 114
0.5 4.5 57
4.5 4.0 107
-3.0 -3.0 79
-1.0 1.0 100
5.0 -1.0 84
-3.0 1.5 112
-1.0 3.5 118
2.0 1.5 60
-4.5 3.5 135
4.5 -3.0 73
-3.5 -3.0 76
2.0 -0.5 69
-3.5 1.0 122
-5.0 -0.5 73
3.0 -1.0 82
2.5 -3.5 89
5.0 -3.0 79
3.0 4.5 75
4.0 2.5 74
-2.0 -1.0 74
0.5 -1.0 58
0.0 -2.0 91
4.5 5.0 101
-4.0 -5.0 83
-3.0 -4.0 75
1.0 0.5 50
-0.5 5.0 102
2.5 1.0 51
-3.5 3.5 118
-3.0 -0.5 88
-1.5 -3.0 85
-3.0 -1.0 85
-4.5 -4.0 76
4.0 3.0 86
-1.0 3.0 106
-5.0 0.0 94
2.0 -3.5 65
4.5 -0.5 77
0.5 0.0 77
0.5 3.5 53
4.5 1.0 70
-2.5 -3.5 80
0.5 0.5 55
-4.0 3.0 131
3.5 2.0 73
-1.5 -1.5 54
3.0 2.0 64
4.5 1.5 74
5.0 -4.5 60
4.5 2.0 91
3.5 0.0 101
3.5 5.0 113
0.5 3.0 56
3.0 1.0 70
1.0 1.5 45
3.0 -4.5 91
-0.5 -2.0 86
4.0 -4.5 84
4.0 -5.0 86
2.0 5.0 83
0.0 4.0 103
-1.5 2.5 97
-2.5 -4.5 110
-4.5 5.0 125
4.0 0.0 92
-5.0 -1.0 87
-1.0 4.0 105
1.0 0.0 79
-4.5 -3.0 83
-4.0 -3.0 77
-2.0 1.0 108
-2.5 2.5 114
-1.0 -3.5 109
-1.0 -2.0 98
-1.5 2.0 93
3.0 3.5 94
-4.0 1.0 124
-3.5 5.0 125
-2.0 4.5 111
-3.0 -3.5 71
-1.5 -4.0 70
5.0 4.0 95
2.0 -3.0 60
2.0 3.0 84
-5.0 1.0 82
